75.92800899887514
56.242969628796395
59.05511811023622
64.67941507311586
56.2429696287964
81.55230596175478
78.74015748031496
87.17660292463442
78.74015748031495
59.055118110236215
61.86726659167604
73.11586051743531
70.3037120359955
64.67941507311585
87.17660292463442
75.92800899887514
73.11586051743532
67.49156355455568
87.17660292463441
84.3644544431946
61.86726659167604
61.86726659167604
81.55230596175478
56.24296962879639
61.86726659167604
70.3037120359955
81.55230596175478
78.74015748031495
70.3037120359955
89.98875140607424
56.242969628796395
75.92800899887514
70.3037120359955
75.92800899887513
75.92800899887514
70.3037120359955
70.30371203599549
70.3037120359955
73.11586051743532
70.3037120359955
70.3037120359955
73.11586051743532
81.55230596175478
75.92800899887514
78.74015748031496
70.30371203599549
70.3037120359955
81.55230596175478
64.67941507311586
67.49156355455568
84.3644544431946
67.49156355455568
67.49156355455567
78.74015748031495
67.49156355455567
70.3037120359955
81.55230596175478
75.92800899887514
75.92800899887514
61.86726659167603
81.55230596175477
81.55230596175478
67.49156355455568
78.74015748031496
56.2429696287964
59.05511811023622
64.67941507311585
67.49156355455567
73.11586051743532
78.74015748031495
70.3037120359955
56.242969628796395
73.11586051743532
64.67941507311586
61.867266591676035
61.867266591676035
81.55230596175477
64.67941507311585
73.11586051743532
73.11586051743532
64.67941507311585
61.867266591676035
87.17660292463441
84.36445444319459
64.67941507311586
67.49156355455568
61.867266591676035
70.3037120359955
75.92800899887514
56.2429696287964
81.55230596175478
81.55230596175477
75.92800899887513
64.67941507311585
73.11586051743532
78.74015748031496
70.3037120359955
73.11586051743531
84.36445444319459
78.74015748031496
70.3037120359955
61.867266591676035
78.74015748031496
70.30371203599549
89.98875140607423
87.17660292463442
87.17660292463441
81.55230596175477
70.3037120359955
64.67941507311586
87.17660292463442
67.49156355455567
59.05511811023622
81.55230596175477
73.11586051743532
61.86726659167604
61.86726659167604
67.49156355455568
64.67941507311586
64.67941507311585
67.49156355455567
81.55230596175477
70.3037120359955
64.67941507311585
81.55230596175477
70.30371203599549
89.98875140607424
61.86726659167604
67.49156355455568
81.55230596175477
75.92800899887514
73.11586051743532
73.11586051743532
84.3644544431946
70.30371203599549
67.49156355455567
73.11586051743531
84.3644544431946
87.17660292463441
67.49156355455567
56.2429696287964
67.49156355455567
64.67941507311585
75.92800899887514
75.92800899887513
73.11586051743531
87.17660292463442
75.92800899887514
61.867266591676035
73.11586051743532
73.11586051743532
92.80089988751406
61.867266591676035
64.67941507311585
75.92800899887514
78.74015748031496
56.242969628796395
81.55230596175477
67.49156355455568
75.92800899887513
75.92800899887514
84.3644544431946
70.30371203599549
89.98875140607423
64.67941507311586
70.30371203599549
81.55230596175478
75.92800899887514
70.30371203599549
78.74015748031495
73.11586051743532
53.43082114735658
73.11586051743531
67.49156355455568
64.67941507311585
73.11586051743532
75.92800899887513
78.74015748031495
75.92800899887514
67.49156355455568
59.05511811023622
67.49156355455567
59.05511811023622
59.055118110236215
61.86726659167604
67.49156355455568
64.67941507311586
95.61304836895388
64.67941507311585
61.86726659167604
59.05511811023622
70.3037120359955
59.05511811023622
61.867266591676035
87.17660292463442
81.55230596175478
75.92800899887513
67.49156355455567
59.05511811023622
87.17660292463441
75.92800899887514
64.67941507311585
81.55230596175478
67.49156355455568
61.867266591676035
61.86726659167604
81.55230596175478
75.92800899887513
84.36445444319459
70.30371203599549
59.05511811023622
81.55230596175477
64.67941507311586
84.3644544431946
95.61304836895387
50.61867266591676
53.43082114735658
61.867266591676035
70.30371203599549
75.92800899887514
73.11586051743531
67.49156355455567
87.17660292463442
104.04949381327334
70.3037120359955
61.86726659167604
64.67941507311586
81.55230596175478
92.80089988751405
75.92800899887513
61.86726659167604
78.74015748031496
67.49156355455568
70.30371203599549
84.36445444319459
67.49156355455568
59.05511811023622
59.05511811023622
61.86726659167604
70.3037120359955
61.867266591676035
